first_ore_preference: [2, 4, 1, 3, 5]
locations:
  exchange_detection: [0.116236, 0.754011, 0.528664]
  ore_1: [0.675512, 3.22507, 3.1324]
  ore_2: [-0.0835764, 2.31284, -0.0191219]
  ore_3: [1.89269, 2.7179, 0.0170522]
  ore_4: [2.3989, 0.240825, 3.13269]
  ore_5: [2.57119, -0.90127, -0.0128101]
  exchange_B: [1.09938, 1.93784, -0.0325619]
  exchange_O: [1.09479, 1.8022, -0.0311319]
  exchange_X: [1.08496, 1.63173, 0.00254307]
# task_ores_override: [2, 5, 4]
